2843940918964875
1977792922318097
2938396486185760
2387028104702630
2453968617956082
1605508629550861
2231530646898092
2108393565915351
2251308321546665
2020951244689532
1999303346858287
2003350399712290
1888651017930580
2266209766736330
2115691871858467
2437041602991285
2135919766451588
1826526417472908
1832942350150151
1988832011171659
2283722404971150
1766561276788045
2584681088269893
2170137293047985
2004790649609590
1794395897356820
2602221316456554
1970381389750260
2076260499155144
1946271502087515
2140270366086961
2174944962622610
2485756524786828
2049161261858535
2153672268029813
2586590168022666
2171275662894325
1996599667090400
2108250052529432
2079386955414862
2122780171116193
2281858225209964
2628716770478694
1940903382625416
1819839144784004
1985897838114230
2563155030422504
2202167169794626
2496934467045304
2144373068989937
2051202864969829
2071600506264042
2154530944613221
2437006702995620
2196158333781762
2128053950548907
2117441344990404
2017212378394647
1932523383532534
2009816729100274
2314878885266372
2124951360902562
2323145177696030
2250188098344955
2056281881125647
2592105524165366
2081924708537134
2333753183353719
1943684442411181
2093437354105950
2235406733216034
1842249292546619
1787205214717094
2135362429880438
2617780141628094
2014937098591906
1988269454544380
1963347177053002
2075527512535616
2196646940347434
2472398706164131
2365543543521105
2005617236218786
1970138343041290
2612741258742481
2231007223628077
2514996661848923
2209045719157992
2286887421391163
1994794703901069
2111882812252113
1848501951925348
2249737021746836
2059484987472731
2316443495032944
2130968836998034
1980058035414957
2413022235434953
2202550583101143
2273654449358629
2328354677177236
2532824150122462
2449659471721488
2038168712935476
1989431041132914
1649137421854203
2178165425579157
2106282922774939
2201720649851552
2835949999764186
2027752923976795
2229136860441970
2186260274759125
2334018803339260
2606824862668513
2041957519218793
2117316661665346
1815884651855009
2310211302354305
2312915985385239
2164186463602236
2282041475200165
2414192315322292
1931675766958194
3002092489819458
2105265699533423
2261492377249265
2124164024337634
2031123413623019
2047581788694058
2243034889094739
2035204573193484
1932658410184857
2187203754669592
1818909101552669
1932570873524047
2106869066042440
2043601969056862
2225295450815824
1541356612634698
2078831732197287
1866148270144983
2186739521390530
2265734876824586
2775863652487458
2199615560100711
1949088681855590
2082057238483625
2515746401830162
2301107586630061
2062648073830971
1989962237790996
2401510669883411
2482550138453346
2005392556246515
2429650277105806
1861064137336437
2170280883011600
2229903857061441
2488229611218584
1836490759810468
1984166651637231
1931788710269366
2439870169421757
2044636602317490
2186596354733508
2053184311462238
1963557917072829
1879435968835398
2011449555599335
1925658707542605
2234886246571036
1936987466339108
2174857659224802
2131676170188591
2233480973381942
2372576099489927
2270789909621425
1649135138521628
2464272510280540
2058623430895645
2395230680549124
2213986171979503
2190942847623843
2126926384017333
1983978104971307
2031566816963445
2318793574817882
2198094550212447
2000911239998024
2125010880854374
2225254537486209
2171822566213630
1966554613453033
2020773188041366
2379554608742039
2146730582056932
2041700855938261
2915273355164821
2127967963909299
2567684083272060
2385826724822359
1999147176872404
2323749307649323
3153648291327726
1936295836448808
930516663739116
1995990123818152
2610912638948981
2176166375776629
2119733918115388
2051471601613957
1839626606124504
2571488052884625
2061328873986332
1955481771238591
2074189795958084
1957117674366684
1957887987667538
1995895270502167
2197021687043263
1879075535535400
2516299308442678
1967600186688446
2053515381393341
1534982396604160
2810679765640783
2396043343802134
2456885784353161
2128560113871564
1948526035184057
2183789401643014
1901969106579337
2143863985702854
2062785423759873
2076623129092172
2058691950908558
2428657913876353
1965825040138733
2300654973287021
3006327512726619
2751118564913397
2156809367712726
2444872995526106
1986838421384365
2001930343254920
2273449696045496
2300537919997836
1993057134144409
2530785000270941
2018228384911162
2285330124834119
2265398626855910
2214119055306672
2102223879864890
2193982497333327
2217699971627907
2465917460104045
2081886735231469
2071589986265713
2364274373644717
2157765797609241
2733993503292369
1855095024619059
2727013740649871
2250944768289574
2027522770664746
2069466479837150
2258339194225489
2010010602416019
2178488088879136
2264949370235870
2500705433337449
2029604503798111
2127729480613882
2457108450997889
2477181382310111
1990504487695662
2653875031352592
2039061092879405
1968994383194133
2132668630187388
2037037686380653
1982770315092100
2044179582336211
2165033373578487
1988029391252272
1960389737392422
2227808103942292
1974917865956232
2720551567985754
2915085335184129
2278753308861851
1978763688916230
2002761366510653
1807357322707198
2336553806378236
1606694912766074
2231053336975521
946003982190623
2640317915995098
1581117768654457
2763460427001014
1766978386735481
1687265071373997
2093129944135520
1976118632485838
2099310423481412
1959811457451232
2104053576343588
2838773246148175
2104955156264205
963746160415938
2122703804418089
2269241779775540
1933183300137456
2151572238252473
2040548872707768
1521063231330150
2097848236960917
2120617378027585
2649347648438605
2606558342704707
1918961548202044
1853993291396343
2380924068644954
2133405256746957
2408903009121520
1984533784935528
1928640193917655
2131934676827569
2137777556298621
2175574599130561
1898247086896308
2546428852096798
2155097431203823
2517708844910963
2274345509265137
1928423590550477
1919721281480860
2517780004915438
2320831134607930
1899820296732161
2416765241698278
2282512798449469
2870073999685253
1918042481651475
2424992884254930
2160762730670302
996729967117335
1771434646291649
2349613828401766
2273182109373039
2177081292341909
2108897382539721
1898352893612808
1998177790251042
2295176700514734
1861323610660832
1789547401168201
2364877580252361
2013612642087059
2027508844014222
1991516037597045
2956109531081754
2661234363916846
2512403258800569
2211202795581169
2071121252957002
2485307174819905
2706988979330218
2064928760256533
2293931737297733
2084178758305652
1962823150503063
2184266848300103
2050470985046844
1808576295935875
1956752431082534
1869745266467315
2312177232189790
2259359810754272
2018654524849737
2450387501642846
2248798188485103
2047682428659479
2380301665345261
2193667207320713
2296962637004636
2151463304934435
1794004600722514
1912649848852328
1765431630228942
2212130362185075
2189503857778952
2459682537407433
2371499122874645
2156612784377192
2256229514421911
1600242233408641
2087776291281481
2713015335377149
2051713681580091
1988301147891865
1959762177405754
1954854254570394
2123079334450097
2010792339028210
2485145728223254
2514323231942553
2458873614129091
1875989719189993
2210213982362391
978021152322207
2599472686729403
2420571418017114
2197711006953848
2077569589002203
1941082132681683
1665368710259623
2100568866630255
1999421373426304
2422817871126006
1913783722072012
1922718434444729
2415824511765870
1982899241795624
2047482802039380
2703696739670356
2367932373236483
2460450887330188
2197046663685897
2908279955856146
1901550689972786
1905403332905266
2278550035489412
1964447250348908
2142279975817966
2031604803619936
2529716903768831
1861174527332015
2314464681899781
2210615972358675
2688328407905165
2078390482245582
2213721732055533
1674237319344262
2133626729989758
1821269667978227
2050266755049513
2034153993366042
2163721950348738
2548786075140818
2023732150997654
1178800868911186
2157767397580700
2385726121456239
1961332353903155
2443126399091242
2574977345875661
1785372498234136
2437354123005465
2374488965912173
2374617865946769
2315411438469541
2539085296131763
2089892854405076
2072660049492826
1549835385117096
1855135331252108
2658676110809267
2096905843686397
2245447562178748
2107850845940048
2114055812015524
1806846426032738
2163391833717853
2347655948589870
1941829935899479
1920247438062997
2468370789901581
2400405000030966
2030224833698224
2010031925779060
2498595323489530
2227057097325138
2100467086681258
947074078749695
2057475414334895
1499484980154366
1901410289970690
1935969049865463
1990016697771856
2001292483251287
1991713244244325
2343963995616270
1991107454269623
1904011779671126
1919623644831641
1968495329904870
1714509121988830
2092066534147229
1828770757248690
859882317469504
2165316016846979
1983359878384539
2272833556083487
2077780825668943
2320682944622337
2026203794142355
2015629931861354
1977570988978033
2033912396697451
2529972827016241
2105197756193322
2679459878738482
1947182752003084
2511576378915622
2466029940135751
2319214958118391
2587483447935595
2172577876115167
1996406040468427
2491757620896022
2417616944976338
2511082838935911
2111026138955035
2200466283351489
2161881167166884
1996034270474810
2399159003487421
1653495084754125
2080227268734059
2388968201113825
2081774721889244
1855393831221059
1931414033653520
1872209662906214
1838492582932743
2901934379834919
1990005954385887
2147356048659234
2564040586969741
1998893130240503
2451390018210051
2644409435584969
2535930656482437
1970747469628106
2053976681323463
1993306497372926
2060955360661368
1891191391009771
2098705883508305
2954075411284999
1906529022790561
2359237110787061
2136272736466637
2275283125849280
2160398050687407
2069765603087490
2230381700374631
1950213431743718
2010185329065693
1996173910432251
2073984892696970
2297958713571014
1839811912813631
1968925393226222
2296023243795875
2285599384807838
1977619722291766
2677211345630083
2126796324048378
2643582399003327
2631616803531679
2269559956422659
1862079360567404
1963244563791612
2892679334079291
1791741634263170
1906881416106984
2106387346120010
2088077717947835
2304432706275974
2237932436263511
2017782104971835
2153550758065466
2190450284309583
2147043388651767
2130696270376793
2292239267461492
1936590066468258
2428549437220140
1895263220599387
1955887367863842
2313841658628686
2029521727124826
2180818155290211
1801241186648891
2116115688477137
2069837179790840
2125341087522212
2088389361229700
2093262380713140
1877799712328856
2128502543874557
2144377878943614
1905127662942623
2161866217235807
1897015187087985
2089768237783697
3928208903908291
1884274381681760
2393867994019899
2073484739388110
2008727185831493
2079694572156403
2178097152278273
2465271920211412
2132741990176608
1977289739030219
1973627946025697
2207430472647078
2073510809354806
1980271098761151
2057045117717999
2033527376737381
2461941477180243
2041453472616876
2348943138509024
2193625940700510
2124628104260933
1603633786406894
1940736916048066
2072872826132678
1896035860508154
2401387583226145
2096094910469048
2491252674236529
2992983760727731
2337143949651766
2653301924680027
2434667126546120
2322887051054744
2012094015510290
2394453340578491
2349227098482861
2253707978007855
2259609600724495
2907730472578323
1968456716608297
2129081690464216
1678586778907499
2055346434582694
2242840842448157
2029355413800465
2370266876329583
2139474942784778
2132179210136129
2154244931299275
2239919029374535
2692096014164636
1917246651723250
1556105504493137
2209330289085339
2787519781265840
2558625490845506
2005856929468845
2076139949135486
1553180214784876
2055723404481454
1856784411115408
2361723647173446
2608290412544817
2109802165732628
935668626556854
2268100726555409
2583099888397108
2141365945913773
2107538342618050
2072659439448452
1999974736777122
2053101981473450
1041460802644225
2342612965749912
2064399600303094
2057327734357828
2495733477166519
2305002876190753
2785201391505046
2241813299171571
2092957154119219
2632953116778552
1942203905875659
2384634318232965
1862153120578484
1953515081362634
1953467418114762
935559333234974
1998893453504424
2084219141655666
1927987823965237
1903518286414216
1953921444703266
1940577936053105
2058029967569732
2836738549676986
2181137948611656
2119826861439799
2245731058818192
2155903581121325
2172398679479283
2721815767829401
2177328885662809
2354111461326027
2405610796120632
2122142561208856
1971370202956336
2549753075098042
2450348888341056
2350709471668581
1828022590654404
2828467220500441
2078067495618850
2089759701118907
2185284184850541
2095339943837475
2129142480509708
1812698265502033
2055987027853378
1975196582593173
1864264310338757
2226445627406194
2028528330556875
1979254478795605
2456342657712294
2067121913333569
2228947833811493
2284062768322989
2086623254738766
2218851121467403
2512792765404702
2038083876286024
1610256535742581
2496320017108852
2205604852825656
2026190650751790
2927324330618420
2015322318564448
2024003514379770
1925149250929456
1803650159735923
2370936112930676
2170032353077625
1849376741850818
2289127967828355
2114475378615895
988455451278055
2084885778296413
2610455185636840
2008232809268918
2428994873797283
2050722001710780
2661172327232975
2126286074132597
2326445977367002
2358932284178270
2110229165735539
1719523518162846
2220731547990045
2577631748919659
2314346171972597
2044847142228178
2107188492681515
1835069849949149
2458499544164518
1983073445153118
2518279154850815
2067151363343596
2495285127153995
2450462841633599
1856869057773012
1934567206666287
2040609879310747
2106742682712601
2053361058034399
2269821219704067
3205295962878343
2331072636904576
2101509559945149
2526930794048727
1964677550297366
1956559031102113
2109410545844655
2615449391806077
2013259288750747
2300283459982295
2261471207210229
2397334623673808
2456906977685040
2445828282156315
2028652603882830
1990089561039866
2274460315905816
2058587080886694
1895722943889834
1878443915617181
2348211971869594
2468343229862538
2184533378258233
1999701196773760
1956250531125136
2599208763453328
2001599509937486
2088166534629878
1850442405083954
2258626517503453
2522641584475045
2487173684687900
2437422149618131
2196974576990203
2526775410698277
2111509828892305
1738679506236879
1863547250438482
2240331402667765
2048432588573371
2069611129785110
1862450733864638
2203504279700835
2139056572818328
2105687376178406
2145984595455120
1848225225300828
2026875437431665
2111042489021452
2269831116394351
2479620375445075
2082196451874905
2406033102771886
2088425537921172
2392072320833793
1961281627293009
2057392597683082
2412072495472635
2335578063122000
2097301166980221
2430697473639209
1954402751310676
1477923088977570
1838896856240029
2099376733451023
1996218893746676
2226789630677275
1970166643051061
2202232159837989
2105663999527971
1815571155238457
2018294038251271
2093380397367879
2928950437130987
2464157080325750
2068926923156610
2002095509839571
1758720054250028
2711561648861655
2432002626829905
2018640731588574
2141447732607392
2458208894196314
2687340621277912
2425159154223334
1875753425843397
2052078104888261
1996059463813782
2390396411032808
1827817827329882
2174227715949923
1982351155194119
2909750742383683
2125456604176440
2003132953097593
1246124522179394
2594145907294680
3040408105985266
2141942559159322
2159545767498793
2106339469448378
1981208608659967
2221244404594197
2116038245083036
2175844605769246
1777442829034587
2421714387899198
1959464550807032
2310592932306620
2266700070020916
2155143537882980
2012120812234913
2073765162689301
1986590614710487
2007049976054987
1991868054262537
2648391561852543
2028024890600258
2134610623298972
2239173896093841
2276868615686015
1916099208485631
2116681041759823
2019145064872240
1934496333343354
2033398823417443
2122574504529107
1934012730058373
1788615941243112
2470064716398333
2489799014439363
1950780931703454
2397442260329037
2147265901999351
2283504081661387
2539807329381850
2753871911304494
2865066646866776
2044391995667779
1960547070728258
2091547654269604
2593844780688811
2799019160115932
2042299419187678
2060865100697571
1938152596302198
1880558531992551
2630570113634993
1827589994017776
1566701113432468
1991609564265957
2050086065077266
1636835189750637
2698270346856723
2163848260325537
2329686420395699
2405777479436455
1994896333956749
1964252590276989
2022144297864891
2280101692048896
2095684060521488
1885954311532240
1958719510886298
2311288505570649
2478230625585481
2429773217095757
2027449907290671
2005579876184840
2083342185066382
2667701313255035
2077489738998711
2386479678089462
2086104581426482
1950666648388036
2015235451863756
2094329740606443
2053308994753602
2284284834939157
1914785751984294
2005871672822387
2110276042352688
1932642790152272
2020928854628985
2114920945266303
2336901946380199
2641107202574021
2323036147715166
2450869941609960
2598885426794899
2139607156122630
2048460085247151
2013850475364904
2073249082753510
2572777526071860
2012622675441942
1999948150090624
1977080525723281
1790105651101223
2179723528756836
2134556049934531
2307525375976350
2001557073260794
2283524601710572
2073200346100300
1645937012173418
2531524280254046
1679118252191695
2400172106662988
2144460295596940
2061597163927033
2187185821326254
2351400408268072
2021076454640992
2085838841473573
2268273549870729
1998841640213042
2330473950298525
2129907613736651
1909297642532530
2583494701675779
2003697859680100
2223087787710474
2629326350440755
2040337956085094
1851468074963721
1989071557835712
2455225011186208
2132133246866123
1792659867511528
2159611737438032
2707500849321587
1720980708002381
1982434511838802
2296327953734892
964965246960575
2036040679798867
2827263717291179
2002834286505699
2158786204185318
2161412147236238
2144723602245037
1592055940897938
2149274598494026
2065370073548744
2050225781726895
2320804411327803
2435297496485946
2122778441149654
1625713934195152
1805931836183403
2397273753676469
2001660873244877
2014179071963938
2314052215286290
2017070708372421
1980972365323003
2607500135931394
2600953229930022
1935602576551934
2152899421419525
2468300396575418
1878714352214698
1582975411807864
2010843765702220
2430944253645426
1991561660891218
2360702743963674
2494872057221196
2092922264161598
2424502064287165
2084848284894074
2080268125427831
2118217984939259
2296424267058595
2118698574885696
2232832426768384
1515074445262520
1910792958957396
2278135762220741
2032577500164354
2119600721434312
2668941719812441
1772367226223841
2143815425675652
2061202287298541
2503916209623763
2102590293120382
1915562358565535
2052754901489917
2205114789545312
2355301521208682
2263442040386169
2473979232616714
1978235688928446
2123748014379123
2380581718621134
2319580968061451
1998172420304454
2413399915341378
2211026335603093
2853483471344441
2457345117613093
2007014849426701
2030031913711015
2034060870016608
2184569324940149
2027671093977767
1963654287046194
2316003891746009
1970729446378712
1997542063677837
2374479282618255
2330681093668630
2494606477248215
2436205113120683
2014882715268857
2080592935352733
2034956576582598
2011981135534922
1953772568053708
2102074909908713
2083811091748159
2190297794386461
2488645121151078
2096395233736577
2283904051620829
2198038056896820
2542860732396209
2018145771607932
2226101820753846
2196547453689833
2105836952874917
2565285090208326
1870850909691233
2019555958137502
1913685642072464
2258813330804080
2078298405573213
2397751956910402
2211949528835880
2169628699797949
2288776454487786
2000060203453303
1226868077438127
2581028371923634
2284072094988723
2575369039146504
2097319423690982
2061784240564754
2145329722213687
2092656667460501
2094169367356676
1884638294975210
2286373614735900
2361831320517542
1962335837220074
2418385398203753
2111337238935889
2251113568244242
1588876631215185
1982351398558693
2402050789827342
2516724828342391
1693253640775124
2510724902276990
2734962883187997
2858354350844994
1899984206778962
2179949282043948
2102272689864975
1842478545849700
2049380235139276
2050629608357454
2061986590525494
2047901851971216
2265151060203828
2158021944255984
2001976636545579
2056697951087738
2340191146011429
2921313031215927
1862466957195760
2106979989381099
1877617162366087
2111219328961697
1925452280914959
2069735516395609
2518432741503766
1990678180981522
2169156283141686
2212485482200281
2715871485091457
1782383438533890
2169655119765856
2098483670217240
3018177738208418
3017688571577861
1941966099234217
2444654458938727
2580953985280607
1569517399820033
2301734243178822
2445111802212725
1918383794950395
2521006377941606
2404330529639795
2348403835178692
1263277350463739
2141625152572049
2027585864027181
2152351974842625
2472908606083545
2187576634607018
2443618602377312
1977841245604085
1946800498773325
1994493757339484
1855197057942670
2171339606220750
1928936363882634
1872015709573967
1744181669019721
2384819191592108
932880520168869
2122487957809620
2174591205917844
1985132544915093
2303537903013209
2007206309387215
2087674601300478
2745499625468114
2210056499025191
2038563166235513
1937817423010931
2511969232178510
2083116728416897
2146711102082285
2008070809242593
2104603086252485
2065439066870423
2662847883844031
1771327089580151
1583187468447570
2310429058980949
2139083036179892
2276764849001467
2468806576493871
2332038366840796
2044299788967895
2191693540870088
1910092282452863
2383151438396353
2269770149707939
2517344178337234
1993723014078369
1545292508861927
2037402149668770
1990087824360399
2553768644693202
2542523405820082
2475032882510111
2103164976407548
1828358017274993
2476127365792842
1910936185682776
1900137553404448
2508176232531151
2016009401827784
2100106520054984
1907458542686215
2039161276179947
2033977666684952
2082947438438163
1992547870814714
2512269268847060
2044543408994657
1631189370246634
2414533668621716
2300202883369231
2075072405884921
1875252809176556
2386451791429592
1921937797925650
2548497378524624
2131008436991518
1992178110904382
1942232919216927
2342922942444738
2119018544787888
2001375966620198
2055686371180885
2133181293413803
2140466465992887
3052644271428158
985044224952532
2035376006559413
2209410089111312
1967263773362825
2052284398154479
2164114147015210
2093545150701899
1897757777004327
1632956930138856
2590869820953470
2315693808501013
2248734761845354
3051257751554697
1923052251096214
2098606103519125
2239550272778312
1851776124944228
1918479488275351
2018517928195929
1910336785755083
2203635032982261
2247447588619440
2036013219787114
2265603883459862
2102259136486872
2344668995603841
2037809022967984
2313165768747117
2411420628930584
2602260256511836
2218927531453595
2701857603165438
1687537684680626
2636745736352252
2194381687280343
1730138000424689
2504442079585087
1958145814240132
2361849837225660
2018745948241092
2147465501982893
2141637369233144
1708308365908898
2093841960674699
2548174605224426
2029842423796156
2121176467972985
2005468802835226
1955695321218049
2078187862235729
1913894655398131
2075133475857483
2554571681225131
2741565382535132
2409940125742826
2092679094118918
2365160230182563
2288542097863080
2004814366222652
2362227377181451
2046450405468086
2031905546916831
2162104580540300
2492237514128447
2090782441003635
2742345675790438
1881143298681880
1802220806556868
1827596884035983
2479609635386782
2026704014075844
2101609043194367
2115000801853430
2046688632119554
2016542525130088
2381881888491935
2053975944689178
1870074009765668
2190917770951284
2729970477045179
1681679625265112
2397313473630328
1944006139052389
1708129415955241
1860832580710724
2562846607089656
1932894226825903
1488331021288234
2020669268039896
2026863057375207
2000514570056389
2459886064085773
2355460164466415
2437807482928612
2781429908541334
2420715751303282
2256489134412708
2555028344537236
2668609149823697
2002492279845943
2469000079840175
917119561745441
2024735040981451
2251382651596605
2154408361290941
2049446495170466
2578454738861442
1913709022060045
1884494615012076
2064342006980395
1971701619605861
2795842997094314
2083527875100663
2098697366832384
2608806472494602
2618352178189841
2203522133037344
1613877988712181
2018633598221480
2026592607390695
2452357541483435
2008606229174723
2014919631933143
1625700037530981
2281423211921099
2039157722804362
2214336568629764
2197455593608719
1740635616036540
2050157041729883
1991175994298402
1714863665282117
2545096162230845
2297560930268152
2597988690243730
2333265263373083
2521478171259604
2333555323344995
1976676575788240
1964746530311075
2372418856165794
2038632792898618
1658712140895518
2249645725086583
2040617022711786
2160435650704677
2319616884723161
2255102241180948
2042059545872771
2440613929313476
3103111009714732
2576867895662220
3101046529966215
1986428621435695
2288614281191165
2029545347080872
2458764897470138
2007767605981203
1793722104071651
1824613744331119
2181181388607505
2129015280520408
2062670543831649
2002286986522491
1755026381274374
2386341474711920
2384887981585229
2012917948823868
2371808016222999
2237257732971908
1984887574881894
2412858785422042
2094222773996240
2019304701486950
1965805360135311
2523349714348167
2879587865400624
2479867698708843
2067596533320717
2259034944121359
2553446684682332
1877367485722781
2161356680590291
1828912720506104
2581606678546603
2080480522046055
2698540686830545
1991422957647634
2294764467209994
2045763718825176
2519028851473128
2034292656640155
2461760700505411
1881003171949435
2113611785368190
2136133273091812
2267887409930836
934412196683116
2058271757588586
2016450361743983
2101082483288393
1669523843154164
1922693077858190
1919816761479690
1857061274393034
1921824474539713
2558298834242252
2859385497420909
2356989414373334
2670110629673755
1371136716329457
1862571280520541
2134458329960248
1993065637440469
2296915600327231
1870135179779444
2029085750471012
2470937602946364
1047100838747264
2197978333585633
2233536533344774
1979103305542834
2277883945608766
2567684959918907
2901814289844689
1787455361360830
2450617154970761
1670158716418327
2081463561918693
1832620300148352
2427009423980675
1766226130170885
2300816263303501
2252860698081427
2923944980965090
1865409000246170
1818747761587688
2062616567156251
2450037181696166
2085288194843945
2904155742943853
1882225845233045
2012211822205314
1985778601469568
1999387166776642
3021177164566427
2102599396485515
1781026285335081
1985699778183953
1796030747190871
2442777162460244
2369533266421038
2480045998733910
2417137404980672
2311984362148002
2186690908041338
2019774844785063
2144844875585896
1900687563373889
2013418485404626
2168916419818572
2999091023450020
1718499361593955
1904888336265282
1813386308783316
2488096487898086
2263378890353253
2352058524829885
2163374053701786
2172526429466356
2024673534319974
2782272591786719
2179982865357558
1968015476629185
1922538294523673
2235263223180122
2072646979451714
1836177093081164
1948646045263152
2121647524615974
2044406098985754
2552531231486549
1776942039072044
2298164203541544
1591523737614151
2226922100689422
2082148571833180
1790951690973012
1793915220676009
2351706521566662
2230326863679375
2330064473684047
2194140207311704
2041185259293790
2256834557712279
2183409265035215
2501862946522540
2085744658154107
2001608173288466
1978710545518222
2276824825684059
2293968177292133
1899417116834416
2414778308604268
2372780549399194
1639053692861062
2562979530397618
2179498392080899
2108258852544620
2145083302223824
1882815688511914
1754165534689714
1947564305340967
1707504832683621
2193188557436639
2255073641209488
2719058288111855
1966137173513463
2099300550136074
1998767430172752
2163935536962500
2031949730259921
2117757294959378
1896801437097854
2365059766898970
2047484642039219
2905765956116235
2294329087264541
2009354242482621
1607745989324929
2109971725728720
2013310145448868
2003640173068563
2592830497401071
2018226418268889
2233020376717200
1939652419466734
2065348460186230
1917043265016327
2323787384331927
2010653442304491
2149083065209666
1948572815261552
2064149523631145
2068235386586116
2479434328798582
1995957637148006
1941593622603595
990743577716185
2651874144830277
2152999188095005
2439946086079851
2128772243872227
2214971255229031
1835674303209034
2792450157439542
1901280526648998
2338320399520510
2184436084920510
2089341577824431
2452320018143028
2235986599748342
1905666142895000
1619532841491668
1984338448351233
2368256286580066
2086718891382506
2415018475239067
2072054486219082
2282862161758897
1548276861942775
2224995507544525
2121479174612085
2272669206086699
2115800795151487
2004507822958708
2297122053645939
2348967031802967
2093511924039093
2245084535554531
1883100735151033
1874020862709393
2518415798200159
3800734546626308
2467997209939577
2709406482403636
2444552762239782
2091754907590224
2043251152422968
2941582635855475
2125772297478658
2051137384978746
2010492649028557
2470862072987167
1973731089412348
2203410413043448
2935715469787540
1998813010172595
2163781543660263
2253701071359412
1938948092886213
1761393393965636
1856604324443825
1838011916303991
1866859916770788
2161242710563893
2687543834597011
1669872166458332
2430108733697279
2081701991878323
2192858787441904
1969861623128095
2524889954249404
2495231213882991
2075334509183928
2242293022505061
2017100805040970
2172862999476801
1895794610531744
1951668081629141
2467870609954346
2189680051053780
2514270071947518
2283531768378215
2165769050174294
2319782461367983
1873325762764942
2071942096238386
1020178804689041
2066994440036481
1633999226709393
1867859633297809
1913181445475046
2012865305488416
2145088878874459
2072956559477917
2271436536218298
2178860185499918
2027180840730621
2038297272932882
2033710833415234
1994096260682259
2036233066424657
1841832829245313
2509354105805382
2061857703895543
2000844789991707
2728334100518015
2569614883066696
2146359362050973
2073273886068904
2286002204743135
2088767467904456
2043868009075055
2353423108001687
1556986521068928
2447765505298272
2167294379999940
2118462304912547
1990877534299291
2073745636048770
1883454528429773
2328610013838665
1983396481747327
1800666996705415
2069727249776980
2265157810182295
2087485297995567
2301514923244868
2409979742408350
1938196122894398
2350207835030519
1967673519996430
2776103435748145
2184382374929171
2403307033072734
2383966425010501
1960237564089284
2570063289702202
2555267357824560
2256896851021553
2007949552645239
2294928997203263
2160132087366961
1917036035089941
2005499519534985
2744912935534057
1816196535169482
1988369091251575
2306257472741326
2071296212966661
1695911703843600
1946276872142749
2012453272184837
1745273448911462
2175907202465766
2086368158062734
2220934161274186
2629441177074027
2315583811845945
1999771366809407
2039633729459838
2269721063073308
2037368846339798
2031296933643934
1981037628631917
1962167887201198
2184166891634827
3015844501774387
1935516706517432
2282333191795149
2188432497886181
2155574881194004
2654653534559824
2192084700822527
2323141474427781
2061930627230039
2235244729842244
1984146745039071
2212472935526253
2961826720509130
2232858843424576
1818310074965412
1949515481831821
1976213282466586
1611897185578366
2643465899004693
2030366573709066
1839818269460897
1920226601432967
1730228900419022
2009476595806597
1487834407985321
2199716493421223
1921226398004577
2300191936718932
1587713714664630
2069869729759075
2077972515629693
1981331205316031
2207399792632763
2184391364950670
2426470944090997
2002988216487309
2036487739737570
2598143596867600
2584197588289618
2062554253804036
2038234742927404
2533238706692733
1894664547310165
2261189373944915
2470754436285422
2413146022090361
1877610729002703
2197872620272022
2306438692759539
1251504764974172
2036112633168821
2114626591931005
1808744892569093
1864078070366427
2074414792636141
2030968360275447
1922764711153537
1887708521352644
2303639203020694
1164223437035803
1970990762985683
2196378190392597
1878743445581898
2006369726065807
2699062150111351
2267338423284679
2190439464358566
2060975570605902
2025965364184121
2112083412204905
2004208316328517
1724637280979454
2007138276031044
2115197768564813
2244674815545626
1901701699952810
2288846597815643
2061263770594049
2172499749437411
2012849332095609
1986364054780291
2141324875983830
2078699155575957
1971026466278978
2032625293520172
2387423664620588
2010912505612028
2125294217493312
2224589957563554
2203560219704312
2542749042421392
1983612588374116
2125124244197669
2336773896346233
2507874379246966
2248559788547386
2119683858121107
2133413390053002
2034216316654069
2824620104245246
1108217355969101
2125173230859751
2369932679685607
2169012519829384
2348189575214729
2242338369134477
2847044061975771
1667164476744399
2541180722590538
1931344616991242